56294
60704
60912
60909
60720
60029
60724
60911
61066
60616
60407
60930
61019
60910
71439
56396
70714
70744
56666
70742
70736
61018
57602
71038
60929
70716
71203
56198
60564
60026
60028
60412
71204
56196
60406
60409
70697
60408
70701
60411
60410
57206
60719
60918
60421
70702
57405
60920
70747
57504
71117
60416
60365
70731
56386
60415
70725
70723
60414
70711
60413
70712
70713
57411
60926
60567
60572
60571
60417
60568
56492
70756
70738
61020
70703
60569
70715
70727
60927
70739
57415
60419
60418
60420
71205
57328
60914
60913
60915
60916
60565
71206
71249
57313
60027
60921
60922
56287
70735
70743
70717
70748
70750
70733
70699
56391
60566
60917
70719
70705
61089
56298
61088
70729
60919
56171
60924
61090
60923
60721
60925
70724
70752
70718
60722
70741
70745
70720
56146
60422
60723
70704
60725
70754
70707
70732
60718
70709
70698
70749
70746
70730
70700
70751
70706
70710
71118
70737
70755
70708
70722
70721
61091
70740
70726
70758
70753
60928
70757
61092
70728
70734
71208
71209
